Iniciando teste com ro = 0.2.
Numero de fregueses na fase transiente: 10000
Numero de fregueses por rodada: 100
Numero de rodadas: 50
Total de fregueses processados: 15000
Resultados:
E[T1] = 1.1078182441545332 +- 0.0010005981628914294
E[W1] = 0.11117558412968026 +- 5.000250329476253E-4
E[N1] = 0.10884630051801066 +- 1.232799912896514E-4
E[Nq1] = 0.010923436597187747 +- 5.167894204316871E-5
E[T2] = 1.5429514728093243 +- 0.0020521837937911964
E[W2] = 0.536799622380648 +- 0.001669254902107866
E[N2] = 0.15157456698349814 +- 2.501820490098742E-4
E[Nq2] = 0.05273371360101773 +- 1.7788037593358322E-4
V(W1) = 3.254178383671827E-6
V(W2) = 3.6266294359266205E-5
Iniciando teste com ro = 0.4.
Numero de fregueses na fase transiente: 10000
Numero de fregueses por rodada: 100
Numero de rodadas: 100
Total de fregueses processados: 20000
Resultados:
E[T1] = 1.2858572348084614 +- 0.0012439714896982491
E[W1] = 0.2724149470383209 +- 5.594408458229926E-4
E[N1] = 0.2549654193149521 +- 1.9890460011506297E-4
E[Nq1] = 0.05401530117683004 +- 9.99708270470119E-5
E[T2] = 2.499839869012182 +- 0.002676192107972113
E[W2] = 1.516042032628447 +- 0.002528462105154099
E[N2] = 0.4955922977425739 +- 7.281645983757961E-4
E[Nq2] = 0.3005556529699783 +- 6.032074885077421E-4
V(W1) = 8.146971573697037E-6
V(W2) = 1.6641817516660495E-4
Iniciando teste com ro = 0.6.
Numero de fregueses na fase transiente: 15000
Numero de fregueses por rodada: 500
Numero de rodadas: 100
Total de fregueses processados: 65000
Resultados:
E[T1] = 1.4095793607717173 +- 0.004266592226650463
E[W1] = 0.41768440355047376 +- 0.0033077733769011027
E[N1] = 0.4224894984492397 +- 0.0014357013072063092
E[Nq1] = 0.12519730714582328 +- 0.001037275502379113
E[T2] = 4.483704409912667 +- 0.034600300135734285
E[W2] = 3.4836332864583968 +- 0.034142668445834405
E[N2] = 1.343791637005345 +- 0.010888260052511136
E[Nq2] = 1.044086381114576 +- 0.010633416618025342
V(W1) = 2.848127007740453E-4
V(W2) = 0.030344695142705547
Iniciando teste com ro = 0.8.
Numero de fregueses na fase transiente: 40000
Numero de fregueses por rodada: 500
Numero de rodadas: 100
Total de fregueses processados: 90000
Resultados:
E[T1] = 1.6778577086569415 +- 0.0015739632613828488
E[W1] = 0.671668516897915 +- 0.0013673788815139866
E[N1] = 0.6694720104354767 +- 4.429538347527855E-4
E[Nq1] = 0.2679960561738116 +- 4.6465414143567144E-4
E[T2] = 10.972078509242621 +- 0.033939638477058054
E[W2] = 9.980079421148998 +- 0.033666456090003176
E[N2] = 4.377097937355964 +- 0.01531020829120992
E[Nq2] = 3.981370547971272 +- 0.015038465286372395
V(W1) = 4.867047598944296E-5
V(W2) = 0.029504119784988347
Iniciando teste com ro = 0.9.
Numero de fregueses na fase transiente: 200000
Numero de fregueses por rodada: 1000
Numero de rodadas: 100
Total de fregueses processados: 300000
Resultados:
E[T1] = 1.797886987061971 +- 0.0011172524760054044
E[W1] = 0.8050654947205022 +- 9.62999546674283E-4
E[N1] = 0.8057137835632804 +- 6.321739914886127E-4
E[Nq1] = 0.36078685406245037 +- 4.913982377772008E-4
E[T2] = 24.72219616289994 +- 0.07293770230754473
E[W2] = 23.72095202157548 +- 0.07288675037239704
E[N2] = 11.07786120869003 +- 0.03454485349707596
E[Nq2] = 10.629215660822135 +- 0.034447382153444325
V(W1) = 2.4140153240703732E-5
V(W2) = 0.13828817107059876
